16013 6522 2272 16136 326 8456 8823 16427 15715 14146 16800 10784 11846 4 1520 16404 6872 4791 6843 16139 3085 12270 4 16013 6522 5069 7099 8823 14146 13578 10784 16048 14819 3 6873 13467 10027 7847 9158 4
7861 1631 5069 15061 156 9191 7231 4 10861 4 5378 14849 16167 9745 13409 12472 4 16427 2812 15751 7411 2425 11800 13464 14361 15957 2812 7847 5528 8063 8866 14092 4 5071 3743 7230 4 4
14146 1249 15779 3085 5369 4
1858 6694 8056 5528 8838 16167 3733 3085 8276 9000 1573 4 13116 16185 3085 2713 4795 10348 4 5369 4 13815 7231 4 16597 12592 1858 16427 2340 8957 11981 7880 8823 14775 5071 3743 7230 4
15570 2523 8820 12838 12046 4 16918 9851 5139 2930 14502 4523 5071 15957 308 8777 7861 7190 5879 4 4864 16404 8056 14617 3085 5369 4 16738 16404 8957 9181 8807 4 16919 4
3 3790 8282 3 4 8282 6202 1152 9158 9191 7943 1103 13857 5879 4 1858 5573 14814 186 16427 799 6688 1519 7463 365 7239 11303 7294 3 3085 4861 4797 7231 2861 14146 12754 4436 16404 12436 6029 3085 7231 4
16886 9526 10348 6029 4 8376 13450 11472 4357 4553 5185 1858 15715 15948 4 13682 15940 13975 4 16918 14775 3743 7230 16427 10784 224 16919 4
8376 13450 5883 6894 8056 4 16918 2425 99 6562 1562 4861 13464 15419 4
15715 13604 13464 9851 5745 4
7705 11861 4310 15954 4 13392 9045 563 7231 2695 2527 462 14354 14775 2425 14838 2754 16886 7230 4 2425 99 9079 2930 16279 4 16919 4
2365 4825 8777 3363 10364 5528 1858 5759 16020 11472 15715 14775 7337 7983 7411 9851 1633 10784 14949 4 773 15715 16404 2349 8282 14092 10861 4
12982 1631 9594 11049 11331 12522 4 1858 14146 16251 11208 14677 326 10784 16246 224 11779 16452 5378 4
16246 224 15957 7110 13083 7741 4 16013 6522 4914 16246 14819 3273 199 16167 13657 5590 3 3 4
13342 10803 16427 9644 3320 9090 213 6491 2792 4398 4914 16246 10407 14440 3797 2654 7861 11301 16246 8907 206 15054 4
14146 10861 4 2044 5590 14441 2142 9803 8481 9594 6522 16404 16167 224 4
14146 16013 1858 11741 11735 15715 12314 14592 3743 7230 4
2272 11735 3562 14910 1223 4 11125 4032 3421 1334 8777 2233 9034 1519 11735 612 3085 1858 4
8376 6601 11735 5378 13599 3300 13994 10364 4769 4 16918 16886 224 14775 15986 13682 2541 8734 12180 8608 831 13682 626 10861 16495 4431 1900 4 16919 4
9181 11735 1858 14677 10025 6522 5605 9531 1436 2527 1552 10700 2044 5590 3 6010 4 9181 5125 8823 3085 3743 7230 4
16246 224 4 9181 16822 8957 2272 13464 5745 13599 4
224 9260 12838 14791 16350 4 9181 12246 3018 1423 3085 3743 7230 4 9181 8957 2272 13464 10027 14819 14005 1969 8823 14440 13270 2090 3332 1562 8957 11800 12167 14146 5829 9181 14103 14775 4 14146 5528 9045 11918 5745 32 312 4 8789 4155 4795 12270 16424 1562 10649 1781 224 6522 9181 2340 8957 16918 6213 16919 1623 1562 8957 14838 15904 2753 13464 16427 7239 14775 16918 6512 16919 4
15957 2527 4785 2142 14838 16918 6512 13464 16919 1103 2837 326 11346 9631 14146 224 4 8789 16013 2044 6522 9883 9329 3085 13847 771 1760 4
8376 6604 11472 8376 5379 13281 7741 5528 312 1858 7402 16918 6550 16919 14819 8957 11473 101 6522 11800 16886 224 4 16918 2425 99 15957 14354 3225 1900 4
11956 1123 15613 15733 16809 15715 4 13682 2128 2425 99 15715 7257 8730 16919 4
12838 14287 8957 8376 15715 13604 11800 15715 326 1103 7702 4 1858 13836 14462 7861 10155 2380 14309 326 4 9181 14106 3085 8957 11800 12167 7411 5154 4347 1035 2437 13599 5644 16798 16918 14062 16919 4
6515 2380 1900 6172 10277 16136 11918 7861 100 7755 15696 8777 13490 2380 12570 14092 5185 1035 4143 99 4398 4 16918 14112 583 16886 15948 16404 4 13604 32 15318 9049 4 16918 4
10801 5528 8063 1858 9092 6522 15715 13604 11800 7702 4 100 7755 11276 10534 7861 4967 11759 10684 9610 4 16918 8734 7755 6522 312 5745 9851 11800 10684 4 14112 228 297 15715 8056 9286 5745 7402 7702 11590 12247 831 7432 4 16919 4
4785 2142 4283 1051 4 4884 15233 16319 8376 15669 8481 15054 15209 3872 16726 3591 4
1858 10563 8546 5842 10155 4 100 7755 11276 16123 2456 2527 15233 4884 549 10367 16918 444 444 444 16919 4 4
5745 2427 4251 7052 14462 626 12838 224 4 9181 2527 7861 12270 16918 11800 16919 4698 5646 14819 1077 6522 7861 4914 16246 3320 6491 13859 3318 4 9286 5745 2527 16918 12358 16919 4
14440 10684 16918 12358 16919 15084 5528 1858 6344 14819 7861 14098 562 16451 8939 4048 4
5528 8063 1858 6159 14775 10155 2380 14819 8957 11800 12167 4 10898 7196 4 9745 1626 14775 3743 7230 3085 14098 224 9994 4 9092 4 16918 16279 6522 15769 5121 3085 8957 11473 11800 12167 4
12369 5718 4 2425 11800 16886 15954 11281 6524 917 1646 4251 4 5154 11281 11525 2425 9527 6512 13464 4 10509 13464 14440 12218 6524 5071 4 16919 4
12838 8957 6934 4347 15779 5121 4340 10898 7196 4 99 6491 11582 15769 5121 7861 4398 6934 13083 5528 16404 2110 5121 1792 4
16918 16886 15954 6491 2527 11424 3085 2754 4 1848 11281 9072 1858 1562 2413 15617 2044 14502 7861 462 562 6524 16786 16404 2633 6564 3085 1848 16919 4 7196 4076 1562 11398 7127 5121 3085 7536 4
11590 7196 4 10155 2380 1858 14462 4933 13083 16089 6522 7861 12838 8957 16918 14062 16919 4 9181 7411 2425 11800 12076 6475 16427 8838 2051 3085 8957 16918 15570 13037 16919 4
16918 16246 224 2695 4148 8777 8572 4914 16246 5646 10058 3743 7230 4 9090 2527 8572 8327 16167 899 1230 2425 2453 10734 4
14505 4 16279 6522 16455 11752 1562 1120 5071 12472 8957 2365 16918 4073 16919 16515 8957 2272 13464 7411 1848 11163 16167 4
10801 5528 2272 13464 15957 2527 7861 850 16918 5501 16919 5646 11918 1120 1848 13604 7830 12564 14440 3926 13464 13893 9181 4 9530 6522 16455 7411 1848 12076 16404 4 16919 4
7196 16123 1858 14462 11095 12838 16246 224 4 14462 5605 3085 8957 8747 11800 16167 4347 3513 2437 13599 16918 15200 12394 14777 13467 16919 4
5528 15715 8049 10025 7861 14792 8907 4 7196 1562 3684 14948 6894 14440 2044 15100 14792 4 9181 2527 7861 2272 13464 1103 15904 1760 4 16918 5745 32 312 2272 13464 9049 15099 14146 15948 4 2044 312 198 9090 15491 14462 14792 14440 11049 10364 15957 1103 15904 1760 4 11800 15818 297 7688 5745 16427 6894 7861 3556 4251 4
1985 1103 7073 9079 1120 5071 15904 1760 13464 10684 11682 4 16919 4
8393 4159 1858 4340 10745 4 7861 11800 3955 15957 2527 5919 4785 2142 9158 12838 8152 16918 14777 13467 16919 4
10745 5745 16597 9083 13599 12226 3085 99 1564 4167 10745 15957 6522 7861 15570 2147 10155 647 4 16918 1858 4431 14106 13815 10155 2380 16918 14062 16919 4 5528 16809 13682 15669 8481 14819 4785 2142 11800 12167 5646 11918 16918 15570 2147 16919 16404 4 2044 2884 7640 9803 10364 3975 6522 8747 1858 15715 11590 15570 11415 8056 4
2633 3085 1858 6522 16123 1519 13464 3757 7239 3058 15851 13220 3 13856 14462 14654 9191 11095 10801 16246 224 16427 4 14777 4
5528 14849 16404 9181 15957 2527 4785 13056 8376 2123 1144 4785 15100 4 2523 1858 2068 12952 11193 6894 2272 13464 14440 16389 1562 9090 7861 2437 13599 5646 4
2633 3256 10364 7264 4 2044 12838 7861 13392 6522 4631 4 2272 13464 16167 479 1562 7861 15570 2147 7880 4 2523 4791 15957 16167 2128 15715 15948 11918 2044 2527 16918 15570 2147 16919 312 16919 4
1858 5185 10745 4 16918 99 2527 8127 14363 7536 6524 6522 9845 4 16919 4
10745 2757 8889 7563 4 16918 5745 5140 4
1858 2044 6524 14777 2272 13464 11956 4 32 2695 8777 13682 11956 4 2044 6524 5956 12622 7632 4 2523 8271 2272 13464 16886 15948 6522 1646 3085 16918 15570 2147 16919 4
16886 15954 9845 6522 9851 1014 10244 4 16919 4
8282 3 4 224 16918 12671 16919 1858 1035 7861 14838 15447 4140 8376 7236 7411 9226 16167 1562 10649 6522 2527 3458 16404 2425 9527 16918 6512 13464 16919 4
9745 224 9994 1029 1858 14440 9092 4 16918 13682 2044 2541 4044 2425 99 2207 9049 4 13682 5745 7402 4902 3085 7536 16167 16123 6688 12769 562 16886 7915 15448 4431 2461 15948 4 16919 4
6570 1671 8907 7239 13599 6030 9260 2427 12436 6029 4970 3 6010 14440 2427 12882 4721 11429 11779 200 9486 4970 3 6010 4
4970 3 3402 6524 8152 15910 4
8393 16543 10649 8340 6570 326 9049 2527 3457 16404 5071 4 8789 2695 13815 1781 9181 15954 4 1858 15957 4340 16167 8957 9226 3085 2754 4
3 8282 5911 3085 5414 15348 1591
8376 5011 7497 4357 16796 16123 1858 16404 6030 4076 4 16918 2734 16886 15954 11312 13491 14819 12270 626 8197 4
5154 5745 7402 8376 626 8197 15191 14462 1646 9363 3085 6570 4
16013 6522 9076 14609 3085 5154 4
1781 14505 4 5745 32 312 1795 8957 4251 15266 10364 626 12838 6570 4 12218 2792 2837 4
8393 16543 6030 6522 9181 3332 3085 5071 14440 2792 1120 409 7209 4
8789 15751 13253 6522 8572 8370 3085 6570 9049 6894 13270 9226 3085 1120 2754 4
6182 4970 6522 10801 5528 11318 13272 4 5745 7861 32 7402 8866 16404 2489 7411 5154 15957 13139 10025 4 2527 7861 15751 4251 16013 5540 5154 4175 5363 10801 8957 257 12982 326 16919 4
12982 16136 14462 6570 1858 6491 4340 8957 1201 3691 4
8376 3576 16136 5528 16123 10364 8957 2437 13599 11498 1574 5434 4 5414 15348 1591 4 6522 8957 8376 14164 1103 5071 1019 11918 6491 8838 16167 8957 2488 13137 6900 4970 3209 4 16918 6570 9049 5745 2527 32 8777 12265 2792 4 297 15715 4 16919 4
2350 8376 3576 16136 15907 9092 10364 7861 2437 13599 4 16918 13682 6522 8376 10072 2692 3085 15570 1591 12534 10779 16919 11918 6965 8838 16167 11856 5646 8056 4
1591 12534 10779 6522 10036 16451 16167 8376 3390 6030 10620 6103 4
15570 16167 968 4175 2180 13116 6570 14462 9158 3 14440 3 9158 10025 15570 1900 14164 12163 12838 2425 2365 971 16451 4
1591 12534 10779 6522 8376 14031 14440 14179 4
5528 1858 9092 12226 7921 3085 7536 14819 15570 4 15570 13153 7861 5211 10684 8816 7462 15791 4
10801 2368 2207 14441 2142 9803 4 7861 11557 8909 15084 13083 8608 15570 1591 12534 10779 4
99 13599 6522 5414 15348 1591 4 3 13404 4
11688 4 15348 1591 1965 5745 7402 8866 16404 2489 15957 10025 4
15570 1591 12534 10779 14440 1858 11734 7503 99 7880 2068 7900 7113 4 16918 16013 6522 7861 15986 14018 2349 9158 3 4
1519 11735 15910 3066 12852 3085 13682 15669 1650 2859 7783 6856 2350 12838 5605 1223 326 11779 6663 7231 4
12982 11735 6771 16013 2044 2527 13682 14440 7861 8376 831 4
5528 15669 1650 3676 12124 6856 11918 2272 11735 3085 1858 16680 1441 4
13682 10066 8376 16461 15715 14775 5010 5562 7462 14976 1646 4251 15266 10364 4 8789 2044 6172 799 14441 799 1710 15957 12180 7861 5180 11153 15698 1880 14462 16289 7536 14440 7861 4143 9092 10534 6688 1035 8343 5378 4 16918 16123 4398 11473 10364 13083 14440 9260 11073 15100 378 13464 9286 5745 7402 15617 16222 4 16919 4
13682 10447 964 6524 11590 7113 1848 4 6680 8375 7755 6688 8734 11918 13256 16781 4 2527 16404 13509 13599 12770 11159 14440 7194 16319 8376 16919 4
10534 7861 4967 11759 6924 6894 672 4 5414 15348 1591 6159 12592 4 16918 1848 7150 5829 11735 8789 5745 13604 12180 12440 4251 8197 7861 7879 6856 2692 4
1848 4254 5180 11153 14462 7242 13682 14440 5185 4 16918 32 6522 2147 11735 4 16919 4
13682 2987 13147 13137 1035 12583 5378 4 16918 13682 15954 4 16919 4
8058 1120 1848 10314 13682 10784 1519 11735 3085 1848 14440 10165 8376 831 3085 13682 4 16918 7432 13272 7239 12622 1661 1562 2147 7432 8056 4 9286 5745 11466 12329 9090 4 16919 10684 9738 13464 14462 15986 15696 4
5528 16039 7741 15957 5131 7892 14502 11349 4 8734 10058 13682 12180 5644 8572 9226 5646 15669 9260 11246 3513 378 13464 4
10801 4398 8296 6698 12982 326 4 1519 11735 2128 1858 16404 7861 4914 16246 14915 7411 8063 6450 2365 13011 4179 8957 13599 2754 4 13682 15825 15954 6522 4914 16246 9260 12838 5605 19 3085 5378 4
14849 799 6688 16246 4 1120 5071 15692 8056 4 16918 1849 11287 16167 11312 5528 9045 8389 7239 12622 1661 16404 4
13862 11287 1103 1007 14827 11296 9286 13604 2427 13228 11680 5842 15954 4 16919 4
7861 8282 4 4398 8282 4 156 8282 9276 13023 10025 4 15957 2527 6771 13682 13378 14502 16886 7861 9181 14915 12279 3903 13682 312 15948 7411 7239 12622 16404 1661 7670 4
5752 204 10058 1858 16319 7596 11076 1230 8957 5180 11153 12657 15698 14440 8957 4283 4698 7741 3381 2018 14462 7812 3116 14440 4828 3085 1858 4
8282 12440 901 1970 13023 10025 4 8376 13682 13267 5198 14440 15843 11367 4
1858 1900 14149 4753 11312 4 8789 1032 1650 8957 15751 14037 8823 11287 16828 16404 14462 917 6775 4
11049 11331 8282 12440 13509 4 12838 5528 15669 6305 2987 2140 7741 15531 9803 10801 7861 15986 13191 7696 11918 13682 1189 8063 12583 799 1710 14815 5010 14775 9697 1858 4
7905 10364 4 13682 8734 12180 7861 13599 2527 1193 10507 7755 16319 11284 16726 8056 13083 7755 4
16013 2695 1781 6522 13599 15957 5185 13682 16309 12838 8282 13682 1103 1014 4
5112 9092 4 16918 1857 15957 8838 16167 12622 1661 4 1120 228 15957 16167 11312 4 16919 4
8957 2301 16167 16123 6688 7861 1519 13464 15910 14915 4 10801 1152 8282 6698 12982 326 9946 14363 1562 2272 13464 15910 9049 4 2301 16167 7861 1519 13464 525 3565 14440 12456 12982 326 3085 9480 16404 12592 3565 14440 16123 14775 8608 4
2792 3903 10984 12838 9206 4 8789 15751 16309 15348 1591 7402 6524 6522 525 8056 1519 13464 15910 16427 14643 10206 15715 11400 5911 16809 4
4521 5414 15348 1591 6524 8152 525 2401 16886 2129 6030 4
16918 6499 5363 4 16919 4
2488 5185 14775 7551 12622 1661 7670 14440 14504 1120 5071 6894 312 16002 3883 2695 8777 5796 3085 3903 5414 15348 1591 16886 7861 9181 2427 14910 8557 4785 13056 5060 14819 156 1152 8282 5059 12982 326 15957 5745 212 16167 12616 4
5414 15348 1591 3094 6974 4 16918 2425 99 16738 5185 4 13682 5745 7402 2034 6934 12440 4398 4 16404 2837 2695 5745 16167 10121 312 15751 9049 4 16919 4
15570 13116 6570 1591 12534 10779 9092 4 16918 8393 12503 1120 2753 2527 11474 16886 6570 10829 4
8197 14363 2340 11981 14775 2425 2301 1562 5071 4 16918 11483 16919 16886 6570 10829 2523 2527 8578 12058 4 16726 10364 3371 14440 8838 12622 1661 4
1781 14505 5528 12472 2425 14838 1019 4 1120 5071 12076 2044 7239 15715 7861 8376 7411 1848 312 1986 2527 16710 5796 13133 12622 1661 14440 12124 8957 8376 2523 6894 12982 13464 16427 5154 10364 14775 11965 14819 3903 9226 1650 12622 9368 16919 4
5745 2044 10417 5414 15348 1591 4 16886 6570 6030 2695 2527 8572 8376 6522 9226 3085 13010 16918 6592 16919 4 15777 6522 2489 3085 11498 1574 5434 2695 5644 4148 14819 5414 15348 1591 4 99 1103 1014 14440 16167 12124 10801 13509 8282 1103 3910 16886 7861 9181 7411 99 1562 10649 9260 12982 16246 10986 4
1858 13604 16404 8608 5434 11918 99 15957 1123 6570 15715 5528 312 2527 16918 4398 8376 8214 16919 15669 13604 16404 4
99 15715 15948 4 6775 5745 32 312 4
2695 5745 32 312 16167 2433 2695 8777 3975 1661 7670 7411 3903 5434 15957 9368 16427 4175 7670 11312 3085 5434 4
14440 15751 6182 4970 6522 2792 2837 6570 10829 6948 2837 4721 11429 16424 9071 5528 1858 16389 2488 5185 14775 2489 3085 15348 1591 14440 5434 4
2523 13116 6570 1591 12534 10779 8428 6976 7880 9092 4 16918 14572 11956 4 5759 312 16167 15948 4 8056 1781 13682 6522 13116 6570 4 6522 4713 14819 5154 2695 2523 5745 16167 10121 312 4
16013 6522 10085 9181 9049 4 5745 32 2527 10121 9597 14827 4 16919 4
